structure(list(id = c(3, 3, 5, 5, 10, 10, 14, 14, 16, 16, 23, 
23, 29, 29, 35, 35, 40, 40, 47, 47, 56, 56, 59, 59, 61, 61, 66, 
66, 70, 70, 76, 76, 83, 83, 84, 84, 86, 86, 89, 89, 91, 91, 93, 
93, 94, 94, 96, 96, 97, 97, 106, 106, 118, 118, 123, 123, 129, 
129, 130, 130, 139, 139, 147, 147, 159, 159, 173, 173, 177, 177, 
186, 186, 210, 210, 213, 213, 221, 221, 223, 223, 232, 232, 257, 
257, 260, 260, 266, 266, 272, 272, 286, 286, 300, 300, 310, 310, 
316, 316, 341, 341, 374, 374, 400, 400, 426, 426, 457, 457, 470, 
470, 474, 474, 543, 543, 577, 577, 606, 606, 627, 627), gender = structure(c(2L, 
2L, 2L, 2L, 1L, 1L, 1L, 1L, 2L, 2L, 2L, 2L, 2L, 2L, 2L, 2L, 2L, 
2L, 2L, 2L, 1L, 1L, 1L, 1L, 1L, 1L, 2L, 2L, 2L, 2L, 2L, 2L, 2L, 
2L, 1L, 1L, 1L, 1L, 2L, 2L, 2L, 2L, 1L, 1L, 1L, 1L, 2L, 2L, 1L, 
1L, 1L, 1L, 2L, 2L, 2L, 2L, 1L, 1L, 2L, 2L, 1L, 1L, 1L, 1L, 1L, 
1L, 2L, 2L, 1L, 1L, 1L, 1L, 1L, 1L, 2L, 2L, 2L, 2L, 1L, 1L, 2L, 
2L, 1L, 1L, 1L, 1L, 2L, 2L, 1L, 1L, 2L, 2L, 2L, 2L, 2L, 2L, 2L, 
2L, 2L, 2L, 2L, 2L, 2L, 2L, 2L, 2L, 1L, 1L, 1L, 1L, 1L, 1L, 1L, 
1L, 1L, 1L, 1L, 1L, 1L, 1L), .Label = c("F", "M"), class = "factor"), 
    age = c(81.3, 81.3, 73.7, 73.7, 73.9, 73.9, 78.5, 78.5, 65.4, 
    65.4, 71.7, 71.7, 64.1, 64.1, 76.9, 76.9, 73.2, 73.2, 84.7, 
    84.7, 69.6, 69.6, 70.9, 70.9, 77, 77, 74.5, 74.5, 74, 74, 
    78.3, 78.3, 73.2, 73.2, 75.3, 75.3, 80.3, 80.3, 65.1, 65.1, 
    62.4, 62.4, 77.2, 77.2, 70.7, 70.7, 79.6, 79.6, 72.8, 72.8, 
    73.2, 73.2, 80.4, 80.4, 73.3, 73.3, 80.2, 80.2, 73.1, 73.1, 
    65.9, 65.9, 59.7, 59.7, 77.9, 77.9, 73.2, 73.2, 74.8, 74.8, 
    80.4, 80.4, 72.4, 72.4, 62.9, 62.9, 67.4, 67.4, 78, 78, 78, 
    78, 78.5, 78.5, 78.6, 78.6, 85.5, 85.5, 70.4, 70.4, 65.9, 
    65.9, 56.4, 56.4, 82.7, 82.7, 80.9, 80.9, 74, 74, 75.9, 75.9, 
    69.2, 69.2, 79.6, 79.6, 82.7, 82.7, 86.6, 86.6, 77.3, 77.3, 
    72.2, 72.2, 72.4, 72.4, 68.5, 68.5, 58.4, 58.4), cognitive_state = structure(c(1L, 
    1L, 2L, 2L, 1L, 1L, 2L, 2L, 2L, 2L, 2L, 2L, 1L, 1L, 2L, 2L, 
    2L, 2L, 2L, 2L, 2L, 2L, 2L, 2L, 2L, 2L, 2L, 2L, 2L, 2L, 1L, 
    1L, 1L, 1L, 1L, 1L, 2L, 2L, 2L, 2L, 1L, 1L, 1L, 1L, 1L, 1L, 
    2L, 2L, 2L, 2L, 2L, 2L, 2L, 2L, 2L, 2L, 1L, 1L, 2L, 2L, 1L, 
    1L, 1L, 1L, 2L, 2L, 2L, 2L, 2L, 2L, 2L, 2L, 2L, 2L, 1L, 1L, 
    1L, 1L, 2L, 2L, 2L, 2L, 2L, 2L, 2L, 2L, 1L, 1L, 2L, 2L, 1L, 
    1L, 1L, 1L, 1L, 1L, 1L, 1L, 1L, 1L, 1L, 1L, 1L, 1L, 1L, 1L, 
    1L, 1L, 1L, 1L, 1L, 1L, 1L, 1L, 1L, 1L, 1L, 1L, 1L, 1L), .Label = c("AD", 
    "CN"), class = "factor"), VISCODE = c("bl", "m12", "bl", 
    "m12", "bl", "m12", "bl", "m12", "bl", "m12", "bl", "m12", 
    "bl", "m12", "bl", "m12", "bl", "m12", "bl", "m12", "bl", 
    "m12", "bl", "m12", "bl", "m12", "bl", "m12", "bl", "m12", 
    "bl", "m12", "bl", "m12", "bl", "m12", "bl", "m12", "bl", 
    "m12", "bl", "m12", "bl", "m12", "bl", "m12", "bl", "m12", 
    "bl", "m12", "bl", "m12", "bl", "m12", "bl", "m12", "bl", 
    "m12", "bl", "m12", "bl", "m12", "bl", "m12", "bl", "m12", 
    "bl", "m12", "bl", "m12", "bl", "m12", "bl", "m12", "bl", 
    "m12", "bl", "m12", "bl", "m12", "bl", "m12", "bl", "m12", 
    "bl", "m12", "bl", "m12", "bl", "m12", "bl", "m12", "bl", 
    "m12", "bl", "m12", "bl", "m12", "bl", "m12", "bl", "m12", 
    "bl", "m12", "bl", "m12", "bl", "m12", "bl", "m12", "bl", 
    "m12", "bl", "m12", "bl", "m12", "bl", "m12", "bl", "m12"
    ), white_matter_ratio = c(0.51776556205786, 0.51776556205786, 
    0.679088491102653, 0.679088491102653, 0.573676115267307, 
    0.573676115267307, 0.442676001872469, 0.442676001872469, 
    0.594577109943564, 0.594577109943564, 0.646686399306838, 
    0.646686399306838, 0.589705493253007, 0.589705493253007, 
    0.491075553941647, 0.491075553941647, 0.557441509750972, 
    0.557441509750972, 0.583223822058758, 0.583223822058758, 
    0.491149387522497, 0.491149387522497, 0.44908281021484, 0.44908281021484, 
    0.453840862499915, 0.453840862499915, 0.503314618339144, 
    0.503314618339144, 0.606779256462521, 0.606779256462521, 
    0.501132494599207, 0.501132494599207, 0.4714215932847, 0.4714215932847, 
    0.395730538974387, 0.395730538974387, 0.506833742305519, 
    0.506833742305519, 0.50628323704464, 0.50628323704464, 0.480946394400617, 
    0.480946394400617, 0.447996836574778, 0.447996836574778, 
    0.390801324171003, 0.390801324171003, 0.555973436532328, 
    0.555973436532328, 0.603057008527873, 0.603057008527873, 
    0.508749374463463, 0.508749374463463, 0.534017660133963, 
    0.534017660133963, 0.592361741168238, 0.592361741168238, 
    0.544428969764284, 0.544428969764284, 0.642899302476369, 
    0.642899302476369, 0.440695953548822, 0.440695953548822, 
    0.588120521009337, 0.588120521009337, 0.493105875364642, 
    0.493105875364642, 0.459346496826398, 0.459346496826398, 
    0.54150977957788, 0.54150977957788, 0.564237347209734, 0.564237347209734, 
    0.539660711694448, 0.539660711694448, 0.438826392503147, 
    0.438826392503147, 0.482833565296979, 0.482833565296979, 
    0.500328577874311, 0.500328577874311, 0.642876013575304, 
    0.642876013575304, 0.483560944082143, 0.483560944082143, 
    0.505402330182935, 0.505402330182935, 0.427137368501709, 
    0.427137368501709, 0.547830320586628, 0.547830320586628, 
    0.532357699761449, 0.532357699761449, 0.593395381482299, 
    0.593395381482299, 0.440474010906374, 0.440474010906374, 
    0.486411780566888, 0.486411780566888, 0.426311161214532, 
    0.426311161214532, 0.428703722549, 0.428703722549, 0.526926448689686, 
    0.526926448689686, 0.467840694606852, 0.467840694606852, 
    0.3704505354864, 0.3704505354864, 0.505472027819534, 0.505472027819534, 
    0.475712341023488, 0.475712341023488, 0.354159700637628, 
    0.354159700637628, 0.46445392864069, 0.46445392864069, 0.48060328167656, 
    0.48060328167656, 0.449860110365666, 0.449860110365666), 
    ABETA = c(131, 137, 116, 136, 88.7, 92.8, 276, 231, 156, 
    168, 262, 264, 140, 139, 163, 166, 242, 258, 249, 230, 210, 
    217, 226, 231, 201, 181, 252, 280, 257, 211, 111, 111, 80.8, 
    86.6, 126, 123, 242, 230, 234, 238, 140, 128, 164, 152, 150, 
    125, 244, 218, 178, 163, 137, 136, 234, 242, 202, 188, 160, 
    144, 111, 115, 132, 138, 126, 110, 205, 211, 181, 172, 239, 
    243, 174, 184, 223, 228, 146, 136, 94.5, 97.6, 161, 167, 
    188, 186, 138, 135, 277, 274, 95.7, 132, 134, 206, 173, 149, 
    120, 116, 116, 140, 85.8, 78.4, 126, 134, 128, 123, 99.1, 
    100, 149, 142, 129, 130, 133, 137, 126, 124, 151, 132, 149, 
    145, 107, 128, 108, 109), TAU = c(61.4, 76.5, 116, 120, 125, 
    82.6, 59.7, 71.3, 42.7, 55.7, 53, 57.4, 79.5, 76.9, 62.5, 
    68.1, 41.6, 42.5, 65.5, 60, 36, 34.2, 41.1, 45.3, 68.4, 66.9, 
    48.8, 58.1, 79.3, 73.4, 154, 162, 141, 146, 83.5, 102, 64.6, 
    97.8, 41, 43.9, 92.1, 56.1, 76.3, 53.9, 143, 107, 33.9, 36, 
    54.4, 60.5, 60.2, 62, 59, 50.5, 100, 104, 107, 107, 86, 78, 
    130, 139, 83.2, 82.3, 34.8, 32.4, 73.8, 82.6, 66.8, 82.6, 
    50.2, 43, 72.9, 111, 215, 217, 205, 150, 128, 103, 53, 53.6, 
    68.7, 72.3, 60, 60, 43.4, 43.7, 65.8, 51, 191, 149, 93.8, 
    112, 146, 146, 145, 155, 63.7, 64.3, 67.8, 61, 74.5, 76, 
    63.7, 66.7, 129, 130, 156, 144, 131, 129, 218, 200, 210, 
    218, 138, 135, 272, 342),